12
as
12
12
12
1
w2
2

0
62

0

0
62

0

0
62

0

0
62

0

0
62

0

0
62

0

0
62

0

0
62

0

0
62

0

0
62

0

0
62

0

0
62

0

0
62

0

0
62

0

0
62

0

0
62

0

0
62

0

0
62

0

0
62

0

0
62

0

0
62

0

0
62

0

0
62

0

0
62

0

0
62

0

0
62

0

0
62

0

0
62

0

0
62

0

0
62

0

0
62

0

0
62

0

0
62

0

0
62

0

0
62

0

0
62

0

0
62

0

0
62

0

0
62

0

0
62

0

0
62

0

0
62

0

0
62

0

0
62

0

0
62

0

0
62

0

0
62

0

0
62

0

0
62

0

0
62

0

0
62

0

0
62

0

0
62

0

0
62

0

0
62

0

0
62

0

0
62

0

0
62

0

0
62

0

0
62

0

0
62

0

0
62

0

0
62

0

0
62

0

0
62

0

0
62

0

0
